DB 정리 자료



재택지수 기간
20181029	20190107	20200106
20181105	20190114	20200113
20181112	20190121	20200120
20181119	20190128	20200127
20181126	20190204	20200203
20181203	20190211	20200210
20181210	20190218	20200217
20181217	20190225	20200224
20181224	20190304	20200302
20181231	20190311	20200309
	        20190318	20200316
          20190325	20200323
          20190401	20200330
          20190408	20200406
          20190415	20200413
          20190422	20200420
          20190429	20200427
          20190506	20200504
          20190513	20200511
          20190520	20200518
          20190527	20200525
          20190603	20200601
          20190610	20200608
          20190617	20200615
          20190624	20200622
          20190701	20200629
          20190708	20200706
          20190715	20200713
          20190722	20200720
          20190729	20200727
          20190805	20200803
          20190812	20200810
          20190819	20200817
          20190826	20200824
          20190902	20200831
          20190909	20200907
          20190916	20200914
          20190923	
          20190930	
          20191007	
          20191014	
          20191021	
          20191028	
          20191104	
          20191111	
          20191118	
          20191125	
          20191202	
          20191209	
          20191216	
          20191223	
          20191230	










































